0 653 137 141 145 586 214 27 23 
1 651 139 138 141 585 213 28 23 
2 647 138 136 141 585 213 27 23 
3 645 138 128 138 585 213 28 23 
4 645 142 122 133 584 213 28 23 
5 648 143 112 130 584 213 28 23 
6 647 150 101 120 585 213 27 23 
7 648 152 97 115 585 214 27 23 
8 645 152 99 113 585 213 27 23 
9 644 152 96 112 585 213 27 23 
10 641 155 94 105 585 214 26 22 
11 639 155 93 103 584 214 27 22 
12 638 158 90 100 585 214 26 21 
13 636 158 91 98 585 214 26 21 
14 634 161 93 95 584 214 26 21 
15 633 161 95 94 584 214 26 21 
16 630 163 97 91 584 214 27 20 
17 629 163 96 89 584 214 26 21 
18 629 162 95 90 584 214 27 20 
19 628 163 96 88 
20 628 163 96 86 584 214 27 21 
21 626 164 97 84 
22 628 167 83 78 
23 628 168 86 76 
24 628 168 86 76 
25 619 167 75 77 584 214 26 22 
26 620 168 73 76 
27 620 168 72 77 
28 620 168 70 75 
29 620 169 69 74 
30 621 169 67 74 587 219 27 20 
31 631 188 47 54 622 170 65 72 
32 622 169 64 73 
33 629 187 47 54 622 170 64 72 
34 626 170 53 74 
35 627 189 46 52 
36 625 171 51 72 
37 625 171 50 72 
38 624 171 50 70 898 206 37 17 
39 624 172 50 69 
40 623 172 51 69 
41 623 173 49 68 
42 623 173 49 68 
43 623 174 49 65 914 204 44 19 
44 580 213 30 24 
45 
46 
47 
48 620 178 47 58 
49 
50 
51 
52 
53 
54 
55 
56 
57 895 112 66 216 581 213 29 23 
58 876 125 83 188 580 213 30 23 
59 867 124 91 188 580 213 30 23 
60 847 103 107 219 580 213 30 24 
61 835 102 118 224 580 213 30 24 
62 827 98 126 232 
63 806 104 151 222 580 213 30 24 
64 806 102 149 222 580 213 31 24 
65 801 96 154 229 579 213 31 24 
66 792 108 158 207 
67 788 109 162 203 579 213 31 25 
68 771 121 187 179 
69 762 125 198 171 
70 758 126 203 166 
71 756 139 197 153 
72 747 140 211 147 
73 741 143 222 138 577 213 31 24 
74 739 147 207 127 577 212 31 27 
75 733 148 204 127 577 212 30 27 
76 727 148 197 128 
77 720 149 196 125 
78 721 151 174 124 
79 719 153 165 121 
80 713 153 161 118 
81 708 154 158 116 
82 705 154 151 114 
83 705 155 146 110 
84 702 159 135 106 
85 698 159 129 104 
86 693 160 126 103 568 214 30 23 
87 693 160 120 101 567 214 31 22 
88 896 178 63 275 688 164 111 94 570 217 29 22 565 214 29 23 
89 865 171 93 286 686 163 109 97 569 217 28 22 
90 842 114 124 331 681 165 106 91 567 218 30 22 
91 822 89 137 380 678 165 104 91 566 218 29 22 
92 800 112 162 329 673 165 105 92 561 214 30 22 
93 787 105 173 351 673 165 105 91 560 213 30 24 
94 784 102 169 349 670 167 105 90 
95 765 108 199 330 667 169 101 90 562 217 26 24 
96 756 118 203 305 663 167 94 89 
97 736 125 222 271 661 168 88 86 551 212 34 25 
98 730 134 227 269 729 134 229 252 653 173 89 79 
99 651 171 84 81 721 139 240 237 554 218 29 22 
100 708 145 249 245 554 219 28 21 
101 674 156 287 198 548 218 29 22 
102 662 160 278 214 664 154 277 199 548 219 28 20 
103 648 160 267 181 545 219 28 21 
104 645 163 250 174 543 218 27 23 
105 638 161 234 173 543 219 25 22 
106 631 160 221 168 628 162 210 172 
107 626 163 200 167 
108 615 164 198 165 635 154 167 186 534 219 30 21 
109 625 163 168 156 528 214 29 23 
110 603 165 186 159 524 213 31 24 
111 599 160 174 160 612 160 155 154 523 212 30 26 
112 606 160 148 150 
113 607 162 134 146 515 210 34 26 
114 514 211 33 27 
115 592 160 129 133 512 211 33 27 
116 587 161 125 129 591 169 116 128 510 212 30 26 
117 581 164 121 124 508 212 28 26 
118 582 169 111 127 506 210 28 28 
119 579 166 104 119 583 170 97 123 503 209 29 31 
120 571 171 103 120 936 216 21 85 
121 569 173 98 115 791 208 28 16 497 210 32 27 916 222 45 75 
122 562 175 95 111 494 210 32 27 789 207 37 18 895 219 64 71 
123 558 175 94 110 491 210 28 27 787 205 42 20 878 214 84 81 
124 551 173 93 113 490 210 28 26 787 202 46 23 861 216 103 72 907 305 53 196 
125 542 169 93 106 791 202 46 25 865 270 92 252 842 215 120 73 
126 539 177 93 104 791 198 45 27 824 213 131 72 822 247 137 289 
127 533 175 95 89 790 199 50 25 814 211 127 73 793 231 162 320 
128 528 171 89 97 793 199 44 25 476 209 29 26 796 213 123 56 760 219 205 295 
129 523 170 90 96 787 211 104 55 748 220 214 294 
130 522 173 85 89 726 230 226 267 
131 517 172 84 89 779 198 75 27 694 224 270 243 
132 514 168 83 96 674 228 288 230 
133 506 166 85 98 668 213 292 211 
134 503 167 84 97 638 211 327 205 
135 452 207 30 28 803 194 62 24 624 213 312 186 
136 496 169 81 89 447 207 33 29 805 192 58 30 616 218 283 163 
137 493 168 75 93 600 212 260 166 
138 487 170 75 85 441 209 32 28 593 213 241 159 
139 485 173 70 82 817 197 75 32 438 210 32 26 579 216 230 154 
140 480 173 69 83 434 211 30 24 817 196 81 34 565 215 210 136 
141 475 176 70 78 431 209 31 26 824 197 77 33 557 217 198 131 
142 470 172 71 66 428 209 32 28 840 196 74 37 552 217 180 129 
143 464 176 61 75 423 210 30 27 856 196 72 38 530 217 166 117 
144 460 177 61 73 419 210 29 24 850 195 88 38 647 206 52 36 521 211 157 121 
145 456 177 62 73 416 211 29 25 856 194 89 39 645 208 44 36 513 213 160 117 
146 411 209 30 29 872 193 85 41 628 208 45 33 501 209 142 118 
147 450 174 73 76 881 194 76 42 621 205 44 35 491 208 142 120 
148 405 210 32 27 613 203 45 38 896 197 63 41 488 212 138 110 
149 443 173 51 67 401 210 33 27 603 206 44 34 483 214 120 104 
150 441 172 53 69 400 210 31 26 595 202 47 36 480 214 113 92 
151 438 173 53 65 399 210 30 26 589 202 51 38 476 213 107 88 
152 438 172 53 66 587 202 49 35 476 209 101 89 
153 582 203 46 34 473 205 96 88 
154 578 207 45 29 466 217 103 76 
155 435 177 47 58 573 204 46 33 461 218 102 72 
156 434 178 46 55 458 214 102 74 572 204 45 31 
157 433 178 45 55 455 209 100 79 570 203 45 31 
158 431 179 46 55 565 202 45 32 456 211 90 74 
159 430 177 44 58 451 213 87 71 563 203 44 30 
160 385 207 34 29 560 205 41 27 450 213 86 68 
161 384 207 34 28 559 204 40 28 451 207 78 71 
162 383 207 34 28 556 203 43 28 448 206 77 71 
163 381 207 34 27 556 205 40 25 443 205 78 70 
164 380 206 34 28 552 206 33 23 439 206 78 69 
165 378 206 37 29 550 206 36 23 439 205 74 67 
166 377 208 37 29 548 206 38 24 438 207 73 65 
167 376 207 36 28 545 206 38 24 438 206 69 61 
168 375 207 37 29 542 207 39 23 437 206 67 59 
169 542 207 38 23 373 207 37 30 434 205 66 59 
170 372 207 38 29 431 205 68 58 919 193 30 52 
171 371 205 38 31 430 205 67 57 
172 369 205 39 31 534 205 30 22 428 205 67 57 
173 370 205 36 30 512 204 21 16 427 205 65 56 
174 476 188 31 37 426 202 62 58 
175 364 207 41 29 475 187 31 37 424 201 62 57 
176 475 187 30 36 532 204 28 21 424 201 61 57 
177 473 186 31 37 423 201 59 56 
178 473 186 30 37 423 200 55 50 
179 917 249 44 84 421 199 54 50 
180 359 206 39 30 524 202 28 21 872 218 90 108 420 200 53 47 
181 525 202 28 22 859 209 98 129 418 200 53 47 
182 525 203 25 21 832 203 123 135 417 200 53 46 
183 517 203 27 20 524 203 26 21 416 200 55 46 812 212 143 116 
184 517 203 26 20 411 199 58 48 795 216 164 106 
185 354 208 41 29 516 204 29 21 412 198 56 48 784 218 174 98 
186 412 199 54 48 515 204 28 22 768 209 188 99 
187 411 195 49 53 513 204 29 22 755 213 200 95 
188 409 195 49 53 511 205 30 22 730 212 203 86 
189 673 196 44 18 409 194 49 53 511 205 28 23 717 214 197 84 
190 408 194 48 52 511 206 26 21 707 212 185 82 
191 686 196 42 20 408 194 48 51 511 205 27 23 697 211 174 83 
192 407 196 47 50 690 196 42 21 510 205 27 23 685 210 171 78 
193 690 196 45 19 406 196 47 50 510 204 27 25 680 208 157 77 
194 406 197 47 48 510 204 26 24 673 210 152 72 
195 708 194 37 18 406 197 47 47 510 204 27 24 666 207 149 70 
196 510 204 26 24 406 196 47 47 658 207 142 67 
197 407 197 47 45 511 204 26 23 653 203 138 69 
198 511 204 27 22 407 197 48 45 646 205 132 65 
199 513 204 25 22 408 196 48 46 644 204 129 66 
200 513 204 25 22 408 196 48 45 647 208 113 61 
201 513 204 25 22 409 196 48 46 639 211 114 57 
202 514 205 26 21 410 196 48 46 634 207 111 56 
203 477 198 25 25 748 190 82 32 515 206 26 21 410 197 48 45 631 207 110 56 
204 478 199 25 26 758 192 86 37 411 198 47 46 515 208 27 21 624 206 111 55 
205 479 199 26 26 787 191 66 40 412 198 46 46 516 208 28 21 623 208 109 53 
206 482 198 23 28 795 190 74 44 517 207 26 20 417 198 46 46 621 208 106 52 
207 798 188 87 38 518 207 23 19 418 197 44 47 623 206 97 53 
208 486 198 28 27 519 208 23 18 810 194 95 37 423 199 42 45 621 206 95 52 
209 520 208 23 17 822 188 99 38 424 199 40 43 623 205 93 54 
210 528 206 25 19 835 188 111 39 424 197 43 46 625 205 86 53 
211 338 211 66 39 530 205 23 19 852 186 109 42 425 196 44 45 626 205 82 50 
212 866 183 97 45 528 204 25 20 426 196 44 45 612 203 95 53 
213 530 204 25 20 427 196 46 44 610 199 92 51 
214 530 205 25 19 429 195 46 44 609 208 90 43 
215 339 211 71 39 533 205 24 18 431 194 44 44 610 200 86 49 
216 438 193 40 43 536 203 23 20 612 208 83 43 
217 538 204 19 18 439 193 40 45 614 200 79 48 
218 443 194 40 45 538 206 21 17 343 211 72 40 612 210 81 39 
219 547 205 24 19 444 194 43 45 344 211 75 41 611 210 81 40 
220 446 196 43 43 547 206 23 19 613 209 78 43 
221 548 207 22 20 613 210 77 42 
222 452 197 40 43 516 198 24 26 550 207 23 19 615 211 73 41 
223 554 208 21 18 457 201 39 39 616 213 72 40 
224 524 199 27 26 457 200 41 43 557 209 19 17 619 214 67 39 
225 559 210 19 16 525 199 26 26 464 199 40 45 621 214 66 39 
226 566 210 22 18 623 216 65 38 
227 530 202 26 27 566 211 22 20 623 216 65 38 
228 470 208 41 42 567 213 21 19 625 218 63 37 
229 472 215 39 32 569 213 23 20 625 221 63 35 
230 539 207 22 26 476 213 36 37 573 215 22 20 627 225 59 32 
231 575 220 18 16 577 218 20 16 628 226 58 33 
232 631 225 54 36 578 222 17 15 606 224 23 17 
233 631 224 56 38 608 225 21 17 
234 609 227 21 17 585 223 18 15 
235 610 227 20 15 587 224 18 15 
236 611 227 19 14 590 224 17 15 633 224 52 38 
237 612 226 19 15 591 224 16 14 633 223 52 39 
238 593 223 16 15 638 225 46 35 
239 594 223 15 15 
240 502 222 38 29 595 223 16 14 
241 504 222 38 28 
242 627 226 18 19 635 233 53 29 606 224 17 14 506 222 39 29 
243 630 226 18 18 607 223 17 14 641 232 50 30 512 221 36 32 
244 608 224 17 14 642 233 48 29 515 224 33 30 
245 631 226 18 17 642 233 49 31 608 224 17 14 517 225 30 28 
246 519 226 26 25 642 233 48 31 611 224 17 14 522 223 31 29 
247 629 227 17 16 643 233 47 31 611 224 17 15 522 225 32 28 
248 640 235 51 30 612 226 16 14 522 226 32 28 
249 614 228 16 15 642 236 48 30 522 227 35 28 
250 640 235 42 29 614 229 16 14 524 229 34 27 
251 627 229 17 17 642 237 48 30 615 230 15 14 522 233 36 30 
252 626 229 18 17 616 230 15 14 643 238 45 30 524 233 34 30 
253 626 229 18 17 616 231 15 14 645 239 43 28 524 233 35 30 
254 626 230 18 16 644 241 43 27 525 233 33 29 
255 625 231 18 16 643 240 45 29 527 234 33 28 
256 626 231 17 16 644 239 45 29 527 234 33 29 
257 625 231 17 16 644 239 45 29 528 235 33 28 
258 626 231 17 16 645 238 42 29 528 234 34 29 
259 627 231 17 16 646 239 40 28 529 234 33 29 
260 627 231 17 16 647 238 39 29 530 234 34 29 
261 627 230 17 16 642 238 40 25 530 236 34 27 
262 627 230 17 16 641 238 42 26 533 235 31 28 
263 627 230 17 16 640 237 44 28 534 235 31 26 
264 627 229 17 16 640 238 44 27 535 236 29 26 
265 538 232 23 23 640 237 45 27 626 228 17 16 535 234 29 28 
266 548 229 22 22 627 228 17 15 536 234 27 27 640 237 44 26 
267 626 227 16 15 536 234 27 27 640 237 44 27 
268 548 230 21 22 627 227 17 15 537 234 27 27 640 236 44 27 
269 548 230 22 22 538 231 24 25 628 227 16 14 641 236 42 27 
270 538 235 26 25 546 230 24 23 628 227 16 14 641 236 42 27 
271 539 235 25 25 628 227 16 14 546 229 24 24 641 237 41 26 
272 539 235 25 25 545 229 25 25 628 226 16 15 641 237 42 26 
273 539 235 24 25 629 228 15 14 546 230 25 24 641 237 41 26 
274 370 225 64 50 542 234 27 26 629 229 15 14 546 230 25 24 643 238 34 23 
275 589 218 24 26 629 228 15 14 546 231 25 24 541 234 29 26 643 238 33 23 
276 545 231 26 24 629 229 16 15 541 234 30 27 643 237 35 25 
277 358 228 73 51 545 231 27 23 629 227 16 15 540 234 33 28 644 238 34 25 
278 356 227 75 56 590 218 24 26 544 231 28 24 629 227 16 16 539 234 35 28 644 237 35 25 
279 590 218 24 25 540 234 33 27 630 227 15 14 544 230 29 24 644 236 36 25 
280 544 231 29 23 630 226 16 14 539 234 35 26 642 236 38 26 
281 630 227 15 14 545 231 28 22 540 235 34 25 644 236 34 26 
282 591 218 23 26 630 225 15 14 539 234 35 27 544 230 29 23 645 236 33 24 
283 591 218 22 24 540 234 34 27 630 226 15 14 544 231 30 22 644 237 33 23 
284 644 231 28 22 630 226 15 12 643 237 34 22 543 230 30 23 
285 629 225 15 12 644 230 28 23 544 229 29 24 
286 644 237 31 20 643 232 29 21 545 227 28 23 
287 323 223 95 72 627 217 17 14 642 232 30 19 545 225 28 23 
288 317 222 94 67 627 216 17 15 544 224 29 23 643 229 29 19 
289 305 211 108 94 630 212 15 15 544 219 30 26 644 220 32 25 
290 549 213 22 20 629 211 15 14 301 207 108 100 543 216 31 28 643 220 32 23 
291 290 214 116 106 644 213 26 21 631 209 14 12 544 216 29 27 644 219 31 20 547 213 26 21 
292 285 215 118 104 645 219 29 19 631 208 14 10 644 214 26 20 546 212 28 22 
293 274 207 122 109 643 214 28 19 545 209 30 23 
294 262 213 127 110 643 213 29 18 545 209 30 23 
295 249 210 137 120 643 211 30 20 546 208 29 23 
296 226 215 154 125 643 213 24 18 546 212 28 22 
297 632 207 14 11 219 213 160 135 643 213 24 18 545 212 28 22 
298 208 217 161 135 208 217 161 135 631 208 14 10 644 213 24 18 547 213 27 21 
299 643 215 25 19 631 210 14 11 643 220 28 19 548 213 24 20 545 217 28 25 179 221 187 152 
300 643 215 26 19 548 213 23 20 629 210 15 12 642 219 32 20 168 220 189 155 544 217 29 27 
301 628 213 16 13 641 221 29 18 544 218 30 27 124 229 214 161 
302 628 213 17 13 641 221 29 18 117 231 215 169 544 217 29 27 
303 550 213 21 20 629 214 17 14 107 229 231 177 640 221 27 17 544 218 29 26 
304 589 200 24 26 641 219 28 19 628 211 16 13 548 211 24 24 41 223 273 213 544 217 27 26 
305 0 444 220 157 629 212 17 13 543 217 26 25 640 220 27 17 548 211 23 22 4 212 293 239 
306 639 216 27 17 640 220 27 17 628 211 17 14 547 211 24 23 6 226 289 239 
307 629 212 16 13 639 216 27 17 547 211 24 23 4 228 267 256 
308 640 220 27 17 629 211 16 14 2 218 246 308 547 211 23 22 254 215 24 72 
309 629 212 16 13 639 216 26 17 547 211 24 23 0 220 231 338 197 224 33 88 
310 639 214 26 19 548 211 23 23 4 226 208 341 244 216 22 72 192 224 31 86 
311 639 216 26 18 546 210 24 24 0 229 202 349 234 217 27 75 181 224 36 87 
312 629 213 16 13 639 220 26 17 641 216 22 17 547 210 23 25 0 236 186 332 229 216 27 75 172 222 38 91 
313 628 212 16 13 638 220 25 16 640 216 24 17 547 210 23 25 0 247 158 306 219 217 28 79 160 221 43 95 
314 628 213 16 13 589 201 21 22 638 220 25 16 548 210 22 25 0 247 129 355 154 222 40 97 
315 638 214 26 20 548 211 22 23 3 285 95 292 210 217 27 82 142 222 44 98 
316 628 212 15 13 538 214 20 19 587 200 22 23 638 220 25 16 640 216 23 17 550 210 21 22 1 346 59 255 199 216 27 84 134 223 42 97 
317 587 201 22 22 628 214 15 13 641 216 21 16 538 213 23 21 638 220 23 16 549 210 21 22 191 216 28 88 123 224 45 99 
318 587 200 22 23 640 214 22 18 627 212 16 14 538 213 21 21 550 210 20 22 181 215 28 90 114 225 44 102 
319 586 200 23 24 628 213 16 14 641 215 21 17 549 209 20 22 538 212 22 21 171 218 32 88 96 225 52 106 
320 664 208 18 15 628 212 18 15 640 214 21 18 550 210 18 21 537 212 23 21 161 218 30 88 88 219 50 118 
321 664 209 18 15 630 213 17 14 640 216 21 16 550 210 19 21 538 212 22 21 148 217 31 89 70 224 58 114 
322 551 209 18 20 639 215 22 16 630 213 18 15 537 211 23 22 138 219 33 96 55 227 55 117 
323 630 209 19 17 536 210 25 23 126 217 32 103 40 222 59 129 
324 638 213 21 16 631 212 20 16 536 208 26 25 116 220 31 101 17 220 64 131 
325 640 213 19 15 630 212 20 15 536 208 25 24 100 217 33 114 2 218 61 143 
326 638 210 21 17 630 210 22 17 535 207 26 24 85 215 33 114 0 220 44 138 
327 629 208 21 16 533 204 27 25 69 213 33 90 
328 938 243 21 102 629 205 22 19 532 201 28 26 
329 932 248 27 89 629 204 24 19 532 200 28 26 
330 614 197 14 13 628 203 24 19 919 242 41 95 532 199 27 27 0 211 42 123 
331 534 193 26 27 613 196 15 14 628 203 26 19 913 244 50 89 531 198 27 27 
332 613 195 15 13 628 200 25 21 531 197 27 28 905 229 55 101 
333 614 195 14 13 626 197 22 17 627 202 26 18 531 193 26 26 894 218 62 106 
334 612 192 15 14 625 195 25 21 530 192 28 26 887 216 67 104 
335 613 193 14 14 625 196 24 18 530 192 28 25 878 219 80 97 
336 611 191 15 15 625 195 26 19 529 192 28 25 868 211 90 100 
337 611 191 16 15 624 196 25 17 528 191 28 25 864 213 91 109 
338 611 191 15 15 624 197 25 17 865 207 91 109 527 191 28 26 
339 610 191 15 14 623 196 26 18 527 191 28 26 858 215 100 107 
340 527 191 28 26 623 198 24 17 854 210 104 102 
341 611 194 15 14 527 191 27 27 625 198 22 15 848 210 111 101 
342 526 190 28 28 609 194 15 14 843 216 115 102 623 198 23 17 
343 610 195 15 13 524 197 27 27 836 216 124 100 527 191 27 27 623 198 23 16 621 202 26 17 
344 524 198 26 26 527 191 26 27 620 195 25 21 
345 823 217 136 99 525 198 26 27 620 202 26 19 
346 820 218 140 97 620 201 26 20 525 198 25 27 
347 525 197 25 28 817 215 143 92 621 202 25 19 
348 519 200 24 24 525 198 24 27 806 215 154 89 620 202 26 19 
349 525 198 24 26 518 199 27 26 806 216 154 85 619 202 26 19 
350 519 199 26 26 803 215 156 86 619 202 26 19 
351 518 198 28 26 618 201 27 20 802 212 158 89 
352 518 199 27 26 619 203 25 18 799 210 155 88 
353 518 197 27 28 796 210 151 87 620 202 25 18 
354 646 194 16 12 517 197 28 29 618 201 26 20 794 209 144 87 
355 648 195 14 11 517 197 28 28 619 202 25 18 789 211 144 83 
356 623 197 23 16 517 197 27 29 620 202 25 18 783 208 146 84 
357 647 194 14 11 622 195 23 18 517 197 28 28 618 201 26 20 778 206 146 84 
358 621 194 26 20 599 195 15 14 618 200 26 22 516 198 30 28 773 207 142 84 
359 730 212 38 18 618 203 26 18 515 198 32 29 770 207 134 80 
360 597 196 17 15 733 213 34 17 618 203 25 21 514 198 32 29 766 209 133 78 
361 619 203 25 21 514 200 32 28 763 211 132 78 
362 737 214 47 21 620 204 24 20 514 201 31 27 758 212 132 76 
363 514 201 30 28 620 205 24 20 755 212 130 77 
364 619 203 24 23 514 201 30 28 752 212 131 77 
365 513 200 31 28 620 204 24 21 752 213 125 74 
366 514 201 29 28 621 206 22 19 747 214 124 74 
367 619 203 23 21 514 201 29 27 748 212 120 74 
368 621 205 22 20 512 201 31 28 746 212 121 73 
369 619 202 23 23 513 200 31 28 741 210 119 72 
370 620 204 23 20 512 200 32 28 740 211 114 66 
371 596 196 17 16 619 201 24 24 511 200 33 28 735 208 118 71 
372 560 184 30 39 619 202 23 22 733 210 111 67 510 199 33 28 
373 560 183 31 40 621 203 23 20 732 210 110 68 511 199 32 28 
374 560 183 30 40 620 203 23 21 511 200 32 28 728 211 115 67 
375 622 204 22 21 512 200 31 28 729 212 109 65 
376 620 202 23 23 511 200 31 28 727 212 108 65 
377 621 206 23 20 511 202 31 27 730 214 98 61 
378 596 205 18 14 622 207 22 20 512 202 30 28 730 218 96 62 
379 595 207 19 15 623 211 22 18 512 207 31 28 735 221 85 61 
380 595 209 19 15 622 213 21 17 511 207 33 28 718 222 102 58 
381 596 209 18 15 510 208 34 28 620 212 23 20 718 223 96 57 
382 597 210 18 15 511 209 32 26 622 213 22 19 717 222 93 58 
383 596 211 18 14 510 209 32 26 623 213 21 18 717 222 89 58 
384 596 210 18 15 510 208 32 27 621 212 23 20 717 220 88 60 
385 596 209 17 15 510 206 32 28 622 213 23 19 715 220 89 61 
386 596 209 18 15 510 207 32 27 623 213 22 19 717 219 86 61 
387 595 209 19 15 509 206 32 27 623 212 23 19 719 219 81 60 
388 595 208 20 15 509 207 33 26 623 211 23 19 706 220 92 57 
389 596 207 18 15 508 207 33 24 704 219 95 57 621 210 23 19 
390 508 207 34 24 705 219 91 58 622 210 23 19 
391 596 207 19 15 508 207 33 24 704 219 90 57 622 211 24 19 
392 596 207 19 15 507 207 33 25 622 210 23 20 703 214 87 60 
393 507 206 33 26 622 210 25 20 702 220 86 56 
394 596 208 18 15 508 206 32 25 621 211 23 19 701 220 87 54 
395 507 205 34 26 702 220 84 54 620 213 25 20 
396 507 205 34 27 702 221 84 53 620 213 25 20 
397 508 206 33 27 596 211 18 15 863 234 93 40 619 214 25 21 702 222 81 52 
398 596 211 18 15 507 206 33 27 867 235 91 40 619 214 26 22 702 223 80 51 
399 597 211 18 15 870 236 90 41 620 213 25 22 703 225 78 50 
400 596 213 19 15 872 237 87 38 619 214 26 22 703 227 77 47 
401 881 237 76 37 618 218 29 22 702 229 77 45 
402 616 217 31 24 695 229 78 45 
403 896 238 61 38 617 218 29 22 696 226 77 48 
404 506 205 35 28 620 214 26 21 696 222 76 51 
405 504 205 37 28 621 214 25 21 697 216 72 53 
406 596 208 19 16 915 236 44 40 504 204 38 27 695 216 76 51 621 212 28 20 
407 504 204 39 26 696 216 75 49 620 209 30 21 
408 940 237 18 34 504 203 40 26 694 212 74 48 618 204 32 24 
409 502 203 41 26 694 212 74 47 620 205 30 23 
410 502 202 42 26 694 211 73 47 618 202 34 26 
411 693 210 72 48 502 203 41 26 619 201 33 26 
412 501 202 43 27 618 202 33 25 694 210 73 46 
413 556 182 37 46 503 203 40 27 694 210 70 48 620 204 30 23 
414 556 183 37 45 503 205 40 27 695 210 70 48 620 204 32 24 
415 603 205 23 19 503 206 39 27 621 206 31 22 696 211 69 47 
416 620 208 29 22 504 207 39 27 696 211 69 47 
417 604 207 24 18 504 207 38 28 622 209 31 22 696 213 69 47 
418 506 208 36 28 620 208 32 25 697 214 67 45 
419 507 208 33 27 603 207 23 20 623 210 30 26 696 216 69 44 
420 647 208 16 16 604 207 22 20 507 208 33 27 622 210 30 26 697 216 66 44 
421 506 214 32 30 646 208 18 16 605 208 21 19 508 209 32 27 624 211 29 24 698 216 67 44 
422 605 208 21 19 646 209 17 18 505 215 34 30 508 209 32 27 622 210 30 26 700 217 65 44 
423 605 208 22 19 646 209 18 19 507 209 33 27 621 210 32 25 701 217 64 43 
424 506 215 33 29 607 209 21 19 644 209 20 18 508 209 32 27 625 212 28 23 703 217 63 43 
425 506 214 33 30 484 213 20 20 607 209 22 20 508 209 33 28 645 208 19 21 623 210 29 25 704 217 62 43 
426 506 214 34 30 608 209 22 20 508 209 33 28 623 211 29 24 644 209 20 20 705 217 61 42 
427 507 209 34 28 625 211 26 23 609 208 21 20 642 209 23 21 707 216 59 43 
428 626 210 25 22 508 209 32 28 608 208 22 21 638 209 25 22 708 215 58 45 
429 513 177 37 55 561 184 37 47 506 210 34 27 625 210 27 23 608 207 22 21 639 209 27 24 708 214 58 45 
430 512 175 39 57 608 208 22 20 640 208 26 24 709 216 60 42 
431 608 210 22 20 639 209 28 25 710 218 61 41 
432 501 214 39 32 608 210 21 20 639 209 28 26 710 217 61 41 
433 500 214 41 32 638 211 29 25 609 210 23 21 711 218 60 41 
434 498 214 43 31 610 210 22 22 638 210 31 27 712 218 59 41 
435 639 211 29 24 611 213 21 19 632 214 35 29 498 215 45 30 713 219 58 41 
436 631 213 36 31 611 211 21 20 638 210 31 29 496 215 48 30 713 219 59 41 
437 639 210 31 28 612 211 21 22 632 213 37 33 495 216 49 30 714 220 58 41 
438 639 209 32 29 632 213 38 33 611 210 21 23 494 216 50 30 716 220 56 41 
439 640 210 31 28 612 213 20 21 633 214 37 31 494 215 50 30 717 220 57 41 
440 612 211 20 23 635 213 36 32 495 215 50 30 718 219 56 42 
441 612 212 20 22 636 214 35 30 494 215 50 30 719 220 56 41 
442 641 210 31 28 613 213 20 20 636 214 36 31 495 215 49 30 720 219 55 41 
443 640 209 33 29 612 211 19 21 635 215 38 29 495 215 49 31 720 217 56 42 
444 613 211 19 20 641 210 32 28 636 215 36 28 494 215 50 30 720 216 57 42 
445 640 210 33 29 637 216 38 28 495 216 49 30 721 216 58 42 
446 620 209 25 23 639 208 36 31 494 215 51 31 722 216 57 42 
447 505 174 44 58 613 211 20 21 621 210 25 24 495 215 49 31 639 214 38 31 723 216 57 42 
448 613 209 19 22 622 208 24 25 494 215 50 31 640 214 37 32 724 214 56 43 
449 621 208 26 25 640 215 37 30 494 215 51 31 724 215 56 42 
450 504 173 44 57 642 210 33 29 640 214 38 31 622 208 26 26 494 215 50 32 725 215 57 43 
451 457 194 40 44 498 184 46 59 504 173 45 58 623 209 25 23 494 215 49 32 641 215 39 31 726 216 57 42 
452 642 216 35 30 623 208 25 25 495 215 48 32 726 216 55 41 
453 642 216 37 30 623 206 26 29 497 217 46 30 727 217 55 41 
454 623 207 26 29 641 216 39 30 497 216 45 31 727 217 55 40 
455 624 207 25 29 645 215 44 32 497 216 45 32 727 218 55 40 
456 623 206 26 29 645 215 46 32 497 217 44 32 726 218 56 39 
457 558 185 46 56 624 207 27 29 498 216 42 32 642 216 49 32 726 218 57 39 
458 624 207 26 29 496 216 46 32 646 212 44 36 726 218 56 39 
459 502 174 45 59 623 206 28 30 496 215 45 33 643 217 50 30 727 218 55 39 
460 497 215 44 32 624 206 27 31 645 212 45 37 727 216 55 41 
461 556 183 48 58 624 206 26 31 494 216 38 32 646 212 45 37 727 216 56 41 
462 625 206 28 31 493 216 41 33 646 213 46 38 726 216 56 40 
463 556 182 48 59 625 206 26 31 491 217 43 32 647 213 46 38 727 216 55 40 
464 556 182 48 60 625 206 27 31 489 216 45 33 648 214 46 37 727 216 55 41 
465 556 182 48 60 626 209 25 28 649 218 45 30 488 217 46 32 726 215 56 42 
466 626 209 26 27 649 214 46 37 488 216 45 33 726 216 56 41 
467 626 210 25 26 649 218 46 29 488 217 45 31 726 215 56 42 
468 625 209 25 27 650 214 46 36 488 217 45 31 724 215 57 42 
469 556 180 48 62 626 208 25 29 491 211 42 39 646 213 52 38 724 214 57 43 
470 624 206 26 30 651 214 46 36 487 214 45 33 724 213 57 43 
471 557 175 48 65 625 206 26 31 487 215 44 33 654 214 46 36 724 213 57 43 
472 557 179 47 63 641 208 23 25 626 207 23 28 489 210 42 40 656 214 45 36 724 211 56 44 
473 557 180 47 62 551 174 59 66 626 206 25 29 489 209 41 42 652 213 53 36 724 211 56 43 
474 551 174 59 66 626 206 25 30 653 213 52 35 489 209 42 42 723 211 55 43 
475 448 205 40 30 626 207 24 29 640 207 27 28 654 213 52 36 488 209 42 40 722 211 56 43 
476 625 206 24 30 654 212 52 36 448 207 40 28 640 206 26 30 488 209 42 41 721 211 57 43 
477 557 179 47 63 624 205 26 31 447 206 41 29 637 205 32 32 488 209 42 43 719 210 58 43 660 213 51 37 
478 557 179 48 63 625 206 24 31 640 206 27 31 720 210 58 43 487 209 43 42 661 213 52 37 
479 558 179 48 64 626 206 24 32 641 206 27 33 664 213 53 38 486 210 44 43 721 209 57 43 
480 558 178 48 64 450 205 35 30 625 206 25 32 640 207 30 32 485 210 45 42 724 208 53 45 663 214 58 39 
481 558 179 49 64 450 205 35 30 638 207 34 33 723 207 54 46 485 211 45 42 663 215 57 39 
482 552 172 60 70 625 207 23 29 640 208 33 31 484 212 45 42 726 208 49 44 666 215 58 39 
483 552 172 61 70 626 207 24 31 484 212 46 42 725 209 50 44 668 214 58 40 
484 552 172 61 71 484 213 45 42 727 211 48 40 668 217 57 38 
485 551 172 62 70 484 213 45 41 727 213 47 37 669 219 57 36 
486 551 172 62 72 484 214 45 41 727 213 47 38 668 220 59 35 
487 551 172 64 71 643 215 27 30 484 215 45 42 728 213 47 38 672 221 62 37 
488 643 215 29 32 485 216 46 41 729 213 46 37 672 222 64 36 
489 553 180 61 65 653 213 34 35 485 216 45 41 730 212 46 40 674 223 64 36 
490 554 180 61 65 732 212 43 41 655 216 31 33 486 215 45 43 677 223 64 37 
491 554 180 62 65 486 215 45 43 732 211 43 40 653 217 35 32 678 223 63 37 
492 449 195 42 43 555 180 61 66 732 212 41 40 746 216 31 36 487 214 45 44 654 215 34 34 680 221 68 40 
493 450 195 41 43 562 178 63 68 747 214 29 38 487 215 45 43 734 210 39 42 654 215 36 35 681 221 70 40 
494 562 178 63 68 747 216 28 35 733 211 38 41 487 214 46 45 653 216 38 34 683 221 69 41 
495 562 178 61 67 487 213 46 45 656 216 35 34 685 218 74 45 
496 563 177 63 69 489 215 47 43 660 215 33 35 707 212 71 47 673 214 34 37 690 218 79 46 
497 494 166 54 77 564 177 64 70 645 208 25 31 668 214 41 34 693 217 81 48 
498 450 192 44 42 494 166 54 77 565 171 68 74 668 213 44 35 694 217 81 48 
499 452 194 43 41 495 166 54 78 565 170 67 75 667 213 46 36 702 212 80 52 
500 492 168 63 71 565 169 69 77 668 212 46 37 703 212 81 51 
501 492 167 65 70 567 168 70 79 656 206 28 30 493 215 50 42 668 210 51 41 706 212 82 53 
502 494 167 64 71 457 191 40 42 567 168 69 80 656 207 28 32 493 212 51 45 673 212 45 37 709 213 83 53 
503 459 190 39 44 566 167 71 80 658 207 29 32 686 212 41 36 494 213 51 44 709 212 84 53 
504 461 190 39 43 568 167 70 82 660 207 27 31 494 214 52 43 683 212 45 36 718 210 84 54 
505 460 190 41 42 569 166 70 82 662 206 31 34 494 214 53 43 683 213 48 37 720 211 86 54 
506 496 166 64 69 461 190 40 42 570 166 70 82 662 207 29 33 495 214 55 43 685 212 48 39 722 211 89 53 
507 578 166 69 83 664 208 27 32 496 214 56 44 687 213 47 40 726 211 88 55 
508 463 190 40 42 497 168 63 67 579 166 70 84 497 213 57 46 685 211 53 42 733 211 88 60 
509 464 191 41 42 579 166 74 83 673 206 29 29 497 211 61 49 688 211 54 41 729 212 101 58 
510 465 190 41 43 498 167 66 72 581 166 75 84 674 208 32 30 500 213 58 48 697 210 55 43 733 213 103 59 
511 466 190 39 44 502 167 63 94 581 165 77 86 676 208 34 31 675 211 31 37 503 213 55 50 698 212 56 43 735 214 104 58 
512 503 168 62 99 582 174 75 76 675 212 34 36 701 214 54 43 748 219 97 56 
513 503 168 63 96 582 172 79 79 677 214 33 34 703 214 58 42 746 218 106 58 
514 505 168 63 96 585 173 77 80 678 214 34 35 705 217 59 41 749 218 110 60 
515 506 168 62 98 469 192 40 47 586 173 77 81 689 212 32 39 680 216 32 34 712 216 63 44 752 218 112 60 
516 507 167 64 100 469 194 41 46 591 173 79 82 690 215 33 36 712 221 66 41 769 221 97 57 
517 510 166 64 100 591 174 81 82 470 196 42 46 511 226 57 47 690 216 35 35 714 222 64 42 764 222 112 59 
518 471 195 42 46 512 167 64 99 598 173 79 87 689 219 38 33 511 224 60 49 716 222 68 43 768 224 114 59 
519 471 198 44 46 513 166 66 98 513 226 64 48 689 214 45 40 720 224 77 46 780 228 108 57 
520 472 198 44 47 513 168 67 99 514 230 66 46 693 215 42 40 728 224 71 47 775 231 122 61 
521 474 199 43 46 514 169 68 100 599 175 84 89 702 216 42 41 731 226 71 45 781 231 124 61 
522 519 170 72 102 475 200 42 45 600 175 85 89 704 219 44 39 733 228 74 45 792 235 119 60 
523 607 176 83 92 521 168 69 104 474 200 44 47 604 178 83 87 524 225 62 58 706 221 44 39 738 226 82 49 793 234 128 63 
524 523 168 68 107 474 200 44 49 607 177 83 89 709 221 42 38 743 228 75 47 798 233 128 69 
525 524 168 69 110 609 177 84 90 712 219 43 41 747 228 78 47 810 235 122 62 
526 527 167 69 108 477 200 46 47 613 174 86 94 528 223 65 63 721 220 44 41 748 230 79 45 809 234 133 66 
527 532 167 68 107 614 174 89 91 529 222 68 64 723 222 45 40 757 229 84 47 813 234 136 65 
528 536 165 65 111 613 173 95 90 726 224 44 37 822 237 131 60 760 228 82 47 
529 539 163 64 109 476 197 48 50 628 174 83 90 535 225 69 61 723 222 56 41 764 227 83 48 827 236 128 63 
530 540 162 65 115 477 195 47 51 629 172 85 93 541 224 67 63 739 220 45 39 774 225 85 50 835 234 121 67 
531 542 161 67 116 629 171 89 93 542 224 69 63 741 223 48 38 777 229 82 46 842 233 114 68 
532 544 157 68 113 632 171 90 94 544 225 72 61 850 233 114 67 738 221 55 41 779 227 86 49 
533 546 156 71 110 479 193 47 47 636 172 90 93 546 225 74 61 741 221 57 40 795 228 81 47 854 234 111 66 
534 550 155 71 114 479 193 46 47 640 171 88 94 747 219 60 41 550 225 73 62 862 237 105 62 791 230 89 46 
535 552 156 71 115 644 168 87 99 873 232 91 70 555 224 73 67 754 218 56 43 795 226 93 49 
536 555 159 78 108 648 163 91 103 878 235 83 66 557 221 71 66 757 217 58 44 806 222 92 54 
537 562 155 73 110 649 163 94 101 891 221 67 76 560 221 74 64 761 216 58 43 807 222 99 55 
538 565 152 80 124 660 164 91 96 562 220 78 66 897 220 61 77 810 216 104 56 767 214 59 45 
539 568 147 82 130 658 162 99 97 912 218 49 80 771 211 63 45 825 213 106 59 
540 567 149 87 122 660 160 102 99 534 216 21 15 918 219 43 74 775 208 66 47 828 213 106 58 
541 569 146 88 126 665 157 100 102 782 205 65 50 836 213 107 57 
542 571 144 87 123 666 155 104 103 771 198 30 36 936 222 23 65 577 219 87 66 785 204 67 51 838 212 110 58 
543 574 146 87 119 666 155 111 102 579 218 89 68 846 210 107 59 789 204 66 51 
544 576 144 89 127 669 155 111 101 581 216 87 71 792 206 69 49 849 212 103 55 
545 577 143 90 127 674 153 110 103 585 214 87 73 800 204 67 50 856 211 104 57 
546 678 151 109 105 861 208 97 59 585 211 92 77 802 204 68 51 
547 575 140 98 130 580 136 100 141 685 152 109 104 588 214 92 74 803 204 71 50 865 210 94 56 
548 582 134 101 151 582 134 101 151 684 150 116 107 873 207 86 60 807 204 76 51 
549 587 133 103 149 687 146 120 112 880 206 81 65 817 205 76 50 
550 590 130 102 149 590 130 102 149 689 146 125 113 891 207 68 63 817 205 83 51 
551 595 129 101 149 595 129 101 149 694 143 126 116 598 218 108 74 896 207 63 63 832 204 76 50 
552 696 142 128 117 603 207 103 92 905 203 56 69 834 205 80 50 
553 599 127 101 151 703 141 128 118 605 211 104 89 833 204 85 53 908 206 55 66 
554 715 141 124 118 917 203 43 71 850 205 80 51 616 207 101 91 
555 718 140 123 120 926 205 33 67 852 205 82 53 617 205 104 95 
556 717 139 129 123 928 208 30 63 852 206 86 54 619 205 104 97 
557 717 138 129 126 933 208 24 65 867 205 82 55 621 204 107 98 
558 724 139 128 126 939 205 20 69 867 207 83 55 622 204 110 100 
559 724 138 131 129 867 209 87 52 626 205 114 101 
560 726 137 135 128 869 210 85 52 628 205 118 101 
561 728 136 143 129 871 210 87 52 630 207 122 101 
562 729 137 151 129 875 210 85 53 632 206 125 103 
563 729 137 156 129 894 210 65 53 632 206 130 104 
564 605 114 136 143 746 138 143 129 634 205 138 109 894 209 65 56 
565 597 117 155 158 753 139 137 130 895 208 62 57 632 205 143 112 
566 596 119 161 152 757 137 134 134 895 210 63 57 635 208 144 119 
567 609 116 146 136 769 138 127 134 901 211 57 58 638 206 146 123 
568 763 136 138 138 610 119 150 155 910 209 48 61 643 205 147 127 
569 616 115 146 143 762 134 151 138 913 211 47 57 648 204 148 128 
570 623 115 143 171 761 134 163 140 656 203 154 130 
571 621 119 146 155 762 132 164 143 656 204 157 128 
572 623 120 142 154 764 131 162 146 660 205 163 133 
573 623 119 144 157 776 127 163 151 496 200 46 24 664 205 163 137 
574 777 124 172 155 497 199 47 26 668 207 163 138 
575 624 120 147 159 626 109 188 151 781 123 175 157 505 201 43 23 670 207 171 141 
576 787 127 175 152 631 114 154 175 625 108 194 152 509 202 42 23 672 208 177 140 
577 637 111 155 178 798 126 162 154 527 203 37 21 671 211 201 145 
578 641 108 160 184 804 122 154 159 623 106 277 156 690 216 200 143 
579 645 107 156 186 627 107 285 154 804 126 153 153 547 204 35 24 677 213 231 146 
580 648 105 157 189 806 123 152 154 680 217 237 143 
581 819 125 140 177 652 104 154 199 683 216 244 150 
582 824 123 132 179 652 103 156 202 562 206 43 25 681 219 255 155 
583 640 112 262 171 653 98 156 206 825 121 133 186 690 222 258 159 
584 641 110 255 173 827 120 131 194 661 96 166 210 691 219 266 166 
585 650 105 257 184 599 207 35 22 697 218 264 173 
586 837 110 123 201 652 106 235 181 594 205 49 24 705 214 254 185 
587 840 106 121 204 648 106 234 184 713 210 245 193 
588 652 100 236 196 718 204 241 205 
589 657 97 232 200 723 198 233 218 
590 657 92 237 213 728 193 232 226 
591 658 88 245 222 735 199 225 227 
592 658 89 239 218 740 196 219 238 
593 657 87 244 226 748 190 210 267 
594 662 90 248 220 756 197 200 260 
595 664 82 250 232 758 211 205 272 
596 668 77 259 241 775 165 185 336 
597 670 74 261 246 787 188 165 341 
598 668 61 265 245 791 192 169 343 
599 668 63 266 238 799 198 160 333 
600 667 61 271 241 802 204 158 319 
601 665 51 277 253 654 191 33 59 820 207 136 368 
602 666 47 280 263 655 191 32 59 823 202 135 319 
603 679 41 279 284 841 209 114 365 573 207 13 29 
604 679 36 283 294 859 227 98 336 572 208 12 29 
605 682 37 277 292 656 205 36 51 872 239 84 316 572 207 13 29 
606 685 30 273 303 657 206 37 50 879 247 78 296 
607 690 26 270 312 657 208 39 46 904 283 54 227 
608 695 23 264 321 658 210 41 43 916 282 43 236 
609 697 18 258 326 926 264 33 266 657 208 42 46 
610 654 188 46 63 702 15 255 336 657 207 44 47 
611 654 184 48 67 706 14 251 334 
612 654 182 51 69 697 3 271 354 
613 653 181 50 68 697 0 269 362 
614 653 182 51 69 699 0 266 366 
615 652 183 53 70 699 10 268 376 559 203 12 29 
616 651 185 60 72 703 9 263 376 557 205 12 29 
617 650 185 61 72 701 1 260 391 
618 651 186 65 72 700 6 262 390 
619 651 187 66 70 703 9 252 399 
620 650 187 67 71 708 6 248 409 
621 709 10 245 418 550 206 14 29 
622 647 187 75 72 711 1 242 434 
623 647 188 75 72 711 4 243 439 
624 645 188 81 71 712 6 241 450 543 204 12 30 
625 643 188 83 71 712 5 246 458 542 204 12 30 
626 718 2 238 482 707 218 33 73 541 203 13 32 
627 720 1 235 503 708 214 33 80 539 204 14 33 
628 722 0 232 514 709 217 35 77 
629 727 0 224 510 709 217 37 79 537 206 13 32 
630 723 12 237 537 711 215 44 87 
631 731 6 221 492 711 215 45 89 532 208 13 30 
632 637 187 105 96 737 9 216 459 
633 637 188 105 97 745 7 204 461 
634 640 185 104 99 754 5 203 461 719 188 61 131 525 208 14 32 
635 637 187 110 99 751 0 203 499 724 183 65 135 
636 639 184 107 100 750 5 203 478 523 207 14 33 
637 637 185 111 99 754 3 200 487 522 206 15 35 
638 637 184 110 100 753 4 197 492 520 207 13 33 
639 747 14 211 559 637 184 111 99 519 207 14 33 
640 636 183 112 101 749 26 206 545 518 207 14 34 
641 730 121 122 232 751 35 203 530 637 182 109 103 517 207 14 34 
642 730 177 74 148 733 117 126 244 636 182 110 105 514 208 15 34 
643 767 26 186 550 631 184 117 104 
644 770 42 184 514 631 184 118 107 801 93 145 391 
645 746 90 179 312 628 182 122 110 763 42 190 479 505 214 16 35 
646 832 58 124 452 799 76 138 348 628 180 126 113 738 223 84 131 
647 793 72 162 358 628 181 127 113 745 232 80 123 301 204 87 32 503 209 15 33 
648 781 74 178 358 627 180 127 114 296 204 97 30 502 209 14 33 
649 771 71 188 361 626 179 129 116 305 206 104 29 500 208 14 33 
650 626 177 126 118 318 206 94 29 497 214 17 34 
651 628 176 123 121 332 209 93 26 498 209 14 32 
652 765 226 194 190 628 175 125 124 348 210 90 28 492 214 18 35 
653 760 224 201 202 626 175 131 126 361 210 80 27 490 214 19 36 
654 765 219 191 210 624 175 137 129 372 208 74 32 490 214 18 38 
655 775 247 184 208 625 175 139 132 372 208 77 32 485 215 20 36 
656 795 215 160 276 622 176 150 132 483 215 20 37 
657 799 220 154 267 627 176 155 136 486 212 17 42 
658 789 59 180 231 803 226 154 261 628 174 156 136 385 210 53 24 487 209 17 43 
659 805 229 155 240 627 174 158 137 390 210 49 24 487 212 15 40 
660 818 222 144 215 626 172 159 138 487 210 15 41 
661 823 42 141 263 630 173 160 137 821 232 139 235 483 212 18 39 
662 827 46 137 257 635 165 158 149 835 235 126 226 483 210 16 42 
663 800 140 149 154 836 98 123 209 634 163 165 153 843 240 119 220 482 210 18 42 
664 839 98 121 219 637 163 167 153 854 239 106 228 
665 837 93 122 233 640 163 166 156 535 210 61 41 862 274 95 169 481 211 19 42 
666 639 162 168 156 839 95 117 229 480 211 18 40 
667 640 165 174 158 840 98 116 229 879 274 78 177 479 212 18 41 
668 640 166 174 159 844 98 112 234 893 298 65 178 536 210 88 39 478 211 19 42 
669 640 164 179 159 843 129 115 203 900 296 59 184 479 212 18 41 
670 633 168 195 153 846 126 115 211 569 217 58 33 478 213 18 40 
671 815 207 74 101 632 170 237 158 893 126 68 228 590 216 42 32 475 213 22 39 
672 814 204 79 106 851 127 111 213 897 126 63 227 635 168 233 161 600 219 29 28 473 214 22 39 
673 820 204 80 106 898 122 62 231 632 172 237 156 611 220 19 26 473 213 21 41 
674 834 124 130 224 636 168 240 160 625 200 31 73 466 207 30 46 
675 912 116 47 246 636 168 245 163 626 199 30 73 467 206 29 47 
676 840 127 122 216 640 167 250 165 467 211 21 41 
677 835 191 121 130 646 166 245 168 625 198 34 75 467 208 19 44 
678 843 189 111 128 651 164 239 176 625 197 35 76 467 202 17 45 
679 847 195 107 120 647 166 244 174 467 203 17 44 
680 851 199 105 116 651 163 252 181 464 210 22 42 
681 629 198 41 79 867 195 97 126 649 159 256 190 464 206 18 38 459 205 27 50 
682 628 198 42 80 869 196 96 125 654 160 262 188 456 205 30 48 
683 629 198 41 80 870 195 93 126 657 156 266 197 455 205 30 50 
684 871 206 94 126 659 157 266 199 454 206 29 50 
685 662 150 276 210 631 199 42 80 453 205 29 51 
686 660 148 275 215 631 199 43 80 452 205 29 51 
687 657 147 284 218 451 204 28 51 
688 661 148 281 215 454 213 24 37 450 205 29 52 
689 662 145 283 223 450 204 27 51 
690 677 133 286 249 444 206 30 48 
691 680 120 285 272 444 206 27 52 
692 686 137 278 270 444 206 26 53 
693 682 116 285 284 631 193 61 98 442 206 28 54 
694 692 131 269 293 643 193 63 104 439 206 29 55 
695 695 134 265 303 528 206 30 25 644 194 66 105 437 207 28 56 
696 689 114 277 354 529 208 30 25 642 195 69 104 434 208 28 57 
697 694 114 267 382 641 193 82 112 530 209 31 27 432 208 29 60 
698 702 114 263 384 641 194 82 112 528 210 34 28 431 210 29 61 
699 714 91 246 421 641 195 89 113 531 210 30 27 430 211 28 62 
700 717 98 245 416 642 198 90 114 531 210 32 28 430 211 27 63 
701 721 101 244 406 643 199 91 116 532 210 33 29 430 211 27 63 
702 725 112 240 414 645 198 95 121 533 210 32 29 424 213 32 60 
703 734 106 227 438 647 196 98 120 532 210 33 31 424 214 33 61 
704 728 139 236 429 533 210 33 30 424 214 31 60 
705 751 158 182 315 738 141 227 431 534 210 32 27 423 213 32 61 
706 751 103 207 448 534 211 30 25 421 219 34 58 
707 750 124 206 482 534 212 30 23 542 212 28 24 420 218 35 61 
708 779 157 173 385 417 216 34 65 
709 786 149 170 349 417 216 34 65 
710 661 186 199 170 797 145 162 359 542 212 29 24 415 216 35 66 
711 662 191 210 159 818 151 143 387 544 212 28 24 413 218 34 67 
712 670 194 212 155 841 161 117 368 545 214 29 22 412 220 34 68 
713 679 192 207 163 851 155 106 390 545 214 28 22 413 220 34 68 
714 890 166 68 374 691 191 211 169 547 213 28 23 412 220 34 69 
715 909 166 51 328 549 214 26 20 687 197 240 164 411 218 35 71 
716 549 212 28 22 696 188 259 181 410 217 35 73 
717 701 187 259 188 410 215 36 75 
718 551 210 27 23 706 184 256 196 410 215 36 76 
719 709 186 252 198 709 186 252 198 552 209 27 23 409 214 37 76 
720 721 184 234 208 409 213 38 79 
721 731 184 229 214 724 199 40 45 410 213 37 81 
722 727 200 41 45 733 185 229 210 410 214 37 82 
723 739 185 225 219 411 216 36 82 
724 745 186 222 222 745 186 222 222 410 217 39 83 
725 755 187 207 235 412 218 37 86 
726 763 196 202 237 569 215 21 17 414 218 38 88 
727 768 197 193 233 410 223 44 86 
728 792 180 167 282 413 222 44 89 
729 812 178 150 291 415 219 45 94 
730 832 178 126 270 424 217 43 97 
731 844 179 115 265 422 207 50 110 
732 857 183 104 257 423 208 52 108 
733 874 179 83 265 425 217 56 101 
734 777 201 53 42 428 218 55 103 
735 747 213 37 22 789 202 56 42 436 217 58 108 
736 791 201 56 42 444 220 54 111 
737 806 202 56 45 455 222 58 114 
738 816 200 54 44 466 221 59 122 
739 477 223 61 123 
740 479 223 65 127 
741 842 200 56 48 493 221 63 129 
742 847 200 59 42 500 222 65 133 
743 813 212 41 24 853 199 59 45 507 222 64 135 
744 864 199 58 43 514 224 66 134 
745 839 214 37 22 536 223 67 140 
746 666 209 26 20 545 223 68 142 
747 680 209 23 20 568 224 70 147 
748 685 209 25 20 581 222 69 149 
749 694 208 23 20 587 221 71 155 
750 604 230 74 152 
751 714 210 23 20 632 224 80 167 
752 729 212 22 17 665 231 85 168 
753 736 214 22 15 680 230 86 174 
754 702 230 87 177 
755 721 226 88 189 
756 741 225 85 194 
757 761 230 87 195 
758 777 233 111 203 
759 802 235 107 199 
760 873 330 83 123 847 228 110 212 
761 911 252 49 197 
762 
763 
764 
765 
766 
767 
768 
769 
770 
771 
772 
773 
774 
775 
776 
777 
778 
779 
780 
781 
782 
783 
784 
785 
786 
787 
788 
789 
790 
791 
792 
793 
794 
795 
796 
797 
798 
799 
800 
801 
802 
803 
804 
805 
806 0 246 31 54 
807 0 210 67 96 
808 4 221 83 95 
809 1 223 108 90 
810 0 221 132 93 
811 0 225 159 93 
812 0 222 173 98 
813 12 228 206 103 
814 30 233 211 102 
815 62 240 233 103 
816 97 235 261 126 
817 112 239 282 130 
818 143 238 280 142 
819 160 243 301 138 
820 191 240 303 151 
821 220 245 309 162 
822 0 256 17 41 232 246 346 165 
823 0 248 34 51 241 259 395 166 
824 0 251 48 51 283 255 395 180 
825 0 250 62 52 308 256 440 195 
826 0 252 99 52 387 261 512 228 
827 9 251 108 54 403 257 551 257 
828 34 251 110 57 470 254 503 303 
829 64 253 115 57 576 268 373 320 874 309 81 69 
830 78 255 122 59 648 263 301 334 
831 93 254 122 63 716 271 235 307 
832 2 214 42 51 798 276 165 309 112 255 119 62 
833 11 212 46 54 899 301 61 262 122 253 131 67 
834 32 217 48 51 152 258 133 70 
835 45 216 42 51 167 259 137 68 
836 67 218 43 50 200 261 140 74 
837 86 216 46 50 46 239 28 21 227 264 161 77 
838 97 216 43 53 240 262 172 82 
839 115 212 44 55 271 259 183 88 
840 123 211 46 52 295 258 182 91 
841 100 226 33 29 142 206 44 55 323 255 209 100 
842 159 205 46 50 369 251 228 109 
